					119	133	133	133	133	133	130	117	125	143	143	130	141	142	141	124	124	124	133	133	139	140	140	143	121	140	144	142	
			Prime	Target	ID	TL12	TL-I	TL56	NATL2	NATL3	DL-1M	DL-1F	DL-2M	T-All	TH	SUB3	RH	IH	RF	SN-I	SN-M	SN-F	N1R	DSN-M	IL-1M	IL-2M	EL	IL-1I	IL-1F	IL-2MR	ALD-PW	ALD-ARB	
			abduct	abduct	No148	No152	No153	No151	No153	No153	No152	No150	No153	No156	No155	No149	No155	No155	No155	No151	No151	No151	No152	No153	No155	No155	No155	No155	No150	No155	No154	No155	
			abound	abound	114	129	132	136	132	128	133	122	140	141	141	143	139	140	139	122	121	126	131	130	139	139	138	143	118	139	141	141	
			abrupt	abrupt	123	150	142	149	144	142	150	128	151	154	154	145	151	153	151	132	132	132	142	145	151	151	151	154	128	151	No154	153	
			absent	absent	118	143	135	138	139	136	139	124	145	145	145	136	144	144	143	125	125	128	134	134	138	142	142	145	119	142	147	144	
			absurd	absurd	124	144	142	142	144	145	137	130	150	152	152	152	150	152	151	133	134	139	144	143	149	150	150	153	129	150	154	152	
			adjust	adjust	111	129	130	131	131	129	101	111	94	141	140	133	138	140	139	120	120	121	128	128	137	138	138	140	112	138	143	140	
			admire	admire	101	123	116	121	123	125	100	107	94	129	131	88	126	130	128	108	115	110	117	121	127	127	126	129	105	126	132	128	
			advent	advent	131	No150	151	145	144	147	No155	111	98	No154	No155	No157	No154	No157	No153	142	144	142	144	151	No153	No152	No152	No156	136	No154	No156	No154	
			advise	advise	101	122	116	119	116	118	104	105	96	132	130	121	126	128	126	108	108	109	118	117	127	126	127	129	105	126	130	128	
			albino	albino	147	No151	No152	No152	No152	No152	No151	No148	No150	No157	No156	No172	No154	No155	No154	No149	No150	No150	No152	No152	No152	No155	No155	No156	No148	No155	No157	No155	
			almond	almond	116	140	134	138	134	136	147	123	147	147	147	142	145	146	144	125	125	126	136	134	144	144	145	151	120	144	147	146	
			almost	almost	140	No150	No149	No150	No151	No151	No149	145	No149	No155	No154	No149	No151	No155	No152	146	147	147	No151	No150	No154	No154	No154	No155	143	No154	No157	No154	
			ambush	ambush	119	137	137	138	137	141	94	104	90	148	147	141	145	147	145	129	128	128	138	137	145	145	145	148	124	145	148	147	
			amount	amount	110	127	131	132	127	130	95	108	92	139	139	89	137	138	136	118	118	119	128	127	136	136	136	139	114	136	140	138	
			anchor	anchor	113	132	131	131	129	131	94	101	91	140	141	85	139	140	140	120	120	121	131	130	138	138	138	141	113	139	142	140	
			answer	answer	109	128	125	128	132	125	96	102	91	139	139	135	139	139	141	117	117	117	127	129	135	135	135	138	113	135	140	137	
			antics	antics	134	150	No152	143	145	No149	94	103	91	No159	No155	No160	No155	No155	No153	144	139	141	152	152	150	153	No154	No158	139	153	No161	No155	
			ascend	ascend	114	136	131	134	132	135	143	102	87	141	145	83	140	142	139	121	130	121	130	130	138	139	139	143	118	139	143	141	
			ascent	ascent	117	135	130	135	136	134	89	102	89	144	145	83	143	145	142	125	121	122	130	130	144	142	142	147	120	142	146	144	
			aspect	aspect	113	137	137	135	138	137	146	99	88	146	144	146	142	145	143	122	122	122	132	130	141	142	142	146	117	142	145	144	
			asylum	asylum	116	144	136	135	135	135	129	94	90	148	148	87	145	147	146	125	125	125	135	135	144	145	145	147	121	145	148	147	
			author	author	114	134	138	131	131	135	136	118	141	143	143	142	141	143	141	123	122	122	131	132	140	141	141	144	118	141	147	143	
			autism	autism	No147	No152	No152	No151	No151	No152	No153	No148	No154	No157	No158	No148	No152	No156	No153	No150	No150	No149	No153	No153	No154	No155	No155	No157	No149	No154	No161	No154	
			backup	backup	123	148	146	131	139	143	137	124	148	153	153	133	No152	153	150	137	135	127	146	150	146	149	151	154	128	148	156	153	
			banter	banter	130	150	140	143	138	No149	155	134	No150	154	157	156	152	No154	153	136	147	136	140	137	146	147	151	No155	133	146	158	154	
			basket	basket	114	130	136	126	129	131	140	115	139	142	141	142	141	142	139	120	121	119	133	136	137	138	139	141	118	138	144	141	
			beacon	beacon	135	145	No149	No150	No152	No150	100	101	96	No155	No156	92	No154	No155	No154	138	147	No148	No149	No151	No153	No154	No154	No155	139	No152	No159	No155	
			behalf	behalf	143	No152	No152	No151	No151	No152	98	103	99	No155	No155	90	No154	No162	No154	No149	No149	No149	No152	No152	No154	No154	No154	No155	146	No154	No162	No155	
			behold	behold	120	139	138	137	136	140	147	97	94	147	151	86	147	149	146	128	130	128	138	138	145	146	146	148	124	145	151	147	
			belong	belong	110	131	130	132	133	127	94	104	93	138	138	132	136	138	138	119	120	120	129	128	137	136	136	139	114	136	140	138	
			bishop	bishop	114	132	135	135	132	135	144	120	144	145	147	139	145	145	143	123	123	123	132	133	143	143	143	145	118	143	148	145	
			bleach	bleach	120	135	142	144	137	136	147	128	147	147	148	148	145	147	145	128	131	131	135	139	145	145	145	147	125	145	150	147	
			blouse	blouse	115	135	135	140	137	133	135	123	146	146	149	143	145	146	145	124	124	126	133	135	144	146	144	146	120	143	147	146	
			bother	bother	113	129	128	124	126	131	132	114	136	138	142	127	137	138	137	121	117	117	128	135	134	135	136	140	116	135	141	138	
			bounce	bounce	102	118	123	124	120	118	122	108	129	129	130	126	128	130	129	113	109	113	125	119	127	128	128	130	106	128	130	132	
			bounty	bounty	131	142	No149	No149	149	144	146	146	No150	No154	No154	No148	No153	No154	No154	133	140	147	No151	150	No153	No154	153	No158	134	No154	No157	No154	
			branch	branch	118	134	143	127	133	134	146	122	142	144	144	143	142	144	142	127	132	125	134	139	139	141	142	144	122	141	147	144	
			breach	breach	124	136	137	144	135	136	142	132	149	149	150	150	147	149	147	130	128	134	143	138	146	146	147	150	127	146	151	148	
			breast	breast	113	128	129	137	130	129	141	121	141	140	141	134	138	142	139	122	120	124	134	130	138	138	138	144	116	138	141	140	
			breath	breath	106	121	124	129	121	121	126	114	134	132	133	125	130	132	132	115	112	116	129	122	130	130	130	133	109	130	133	132	
			bridge	bridge	106	122	130	128	122	122	135	112	133	135	134	128	132	135	135	113	113	116	123	121	131	132	133	136	109	132	136	134	
			bright	bright	119	136	137	134	132	133	140	120	142	144	144	146	142	144	142	123	124	124	132	136	143	142	142	146	122	142	147	144	
			broach	broach	125	143	142	149	139	143	146	134	151	151	152	No148	152	152	149	134	134	137	139	141	150	No152	150	152	126	150	153	151	
			bronze	bronze	105	123	132	128	123	124	132	110	133	134	134	135	135	134	134	120	114	114	124	127	133	135	132	135	110	132	136	134	
			bruise	bruise	102	119	123	124	123	119	127	106	129	130	129	121	129	129	129	112	110	109	117	120	128	127	128	130	106	127	132	129	
			bucket	bucket	113	136	134	126	128	133	141	115	138	141	141	128	141	141	138	123	119	118	134	134	137	138	139	141	118	138	145	141	
			buckle	buckle	107	125	124	124	130	125	129	112	133	135	135	125	137	135	134	115	114	115	125	128	131	132	134	138	111	132	136	135	
			bundle	bundle	105	124	126	125	122	124	134	111	134	133	133	135	134	134	133	114	114	114	126	123	131	133	132	135	109	133	135	133	
			bunker	bunker	115	130	130	124	129	134	140	116	139	142	145	144	142	142	140	129	127	120	129	139	134	137	140	143	119	137	145	143	
			burden	burden	111	131	134	131	129	130	140	118	142	140	142	139	141	140	138	123	121	121	136	130	139	137	138	140	116	137	141	140	
			bushel	bushel	114	133	133	125	133	130	138	115	138	141	142	138	142	140	140	124	119	119	136	137	134	136	139	141	118	136	143	141	
			bustle	bustle	109	125	126	124	123	125	137	114	134	135	136	138	136	136	136	118	115	117	132	125	133	133	135	137	112	133	136	136	
			butler	butler	117	131	135	131	132	137	127	119	139	142	143	144	143	143	142	121	121	123	128	135	136	137	141	143	121	137	145	143	
			candle	candle	116	129	136	131	135	132	143	119	138	143	143	143	142	142	142	120	124	122	136	135	135	137	141	143	119	137	146	142	
			canopy	canopy	132	No152	No152	139	No150	151	139	130	No148	No158	No155	156	No154	No155	No152	148	134	134	151	No151	145	148	No154	No155	137	148	No162	No154	
			carbon	carbon	117	136	133	131	134	137	141	120	138	145	147	146	143	144	143	129	122	123	135	135	136	138	142	144	121	138	144	143	
			casino	casino	116	136	137	134	143	133	142	119	No147	145	144	135	144	144	145	126	126	122	141	135	142	142	142	144	120	142	145	144	
			casket	casket	127	143	148	136	143	145	133	129	No149	155	155	154	No152	154	152	139	140	132	150	151	150	151	152	154	131	151	155	153	
			castle	castle	113	133	130	125	132	128	134	115	138	145	141	143	140	140	139	123	118	118	128	129	135	137	138	141	117	137	142	140	
			cavern	cavern	115	132	133	128	137	128	133	119	142	144	142	128	142	142	140	129	126	121	133	134	137	139	141	144	118	139	146	142	
			censor	censor	114	129	130	134	132	136	141	118	140	141	143	140	140	142	141	122	121	122	130	130	140	139	139	141	117	139	143	141	
			cervix	cervix	147	No152	No152	No152	No152	No150	No152	No148	No153	No155	No158	No159	No151	No155	No154	No150	No150	No149	No152	No152	No154	No154	No154	No155	No148	No154	No159	No155	
			change	change	103	119	119	123	118	118	128	107	131	131	131	127	129	131	129	110	112	110	118	121	130	129	132	132	107	129	132	131	
			chapel	chapel	113	133	134	127	129	129	140	116	139	141	143	142	139	141	139	125	118	119	129	133	136	139	140	141	117	138	142	141	
			charge	charge	102	118	121	121	118	117	127	107	128	128	128	122	126	128	126	108	108	111	117	120	127	127	126	129	105	127	129	129	
			chorus	chorus	121	139	139	140	142	135	148	128	147	149	148	143	146	147	146	130	129	131	138	142	146	145	146	148	117	145	150	147	
			chrome	chrome	146	No152	No150	No152	No151	No152	No153	No147	No150	No158	No155	No161	No156	No155	No153	No149	No149	No149	No151	No152	No154	No154	No154	No155	No148	No154	No156	No155	
			cinema	cinema	114	133	133	126	134	130	131	116	139	145	143	129	142	142	142	129	123	119	133	132	137	139	141	143	119	139	145	142	
			citrus	citrus	148	No152	No150	No151	No151	No151	No149	No148	No152	No155	No156	No162	No151	No157	No151	No150	No148	No150	No151	No151	No154	No154	No154	No155	No149	No154	No157	No155	
			clause	clause	117	134	139	137	138	135	147	124	146	146	149	143	145	146	146	127	132	127	136	136	146	145	144	146	120	143	148	146	
			clergy	clergy	135	No150	No150	No149	No151	No151	No151	145	No152	No155	No154	No148	No154	No154	No154	146	144	No148	No150	No151	No152	No154	No153	No154	140	No154	No154	No154	
			client	client	114	135	137	132	133	132	142	120	145	144	144	139	142	144	142	124	126	124	136	132	142	142	142	145	118	144	146	144	
			climax	climax	121	137	138	143	138	139	147	131	148	148	148	145	146	148	147	128	128	133	138	137	147	146	146	148	125	146	149	148	
			clumsy	clumsy	145	No152	No151	No149	No151	No151	No154	No147	No150	No155	No154	No147	No154	No154	No154	No147	No148	No148	No151	No151	No150	No154	No154	No154	147	No154	No159	No154	
			coarse	coarse	114	132	128	132	135	132	140	121	142	141	140	142	140	140	138	122	122	124	133	132	139	139	138	141	118	139	143	140	
			column	column	112	129	132	130	132	129	142	119	139	140	140	140	139	140	138	120	122	122	129	131	136	138	139	140	116	138	141	140	
			comedy	comedy	122	145	136	130	146	136	138	124	148	149	149	149	148	150	147	136	134	127	135	149	145	146	147	152	127	146	150	149	
			comply	comply	135	No150	150	No149	145	No151	No160	146	No149	No155	No158	No147	No154	No154	No154	145	147	No147	148	150	No153	No154	No154	No155	140	No151	No161	No155	
			convey	convey	112	127	129	130	130	126	140	120	139	138	139	139	137	139	137	122	121	122	132	128	137	137	137	139	116	138	140	138	
			cortex	cortex	134	146	No151	145	No151	No152	No154	139	No151	No156	No155	No154	No151	No155	No154	135	140	142	No151	No151	151	No153	No154	No155	138	No153	No160	No155	
			couple	couple	105	120	124	123	121	122	129	109	133	133	133	135	131	133	132	112	112	112	126	125	130	131	131	134	108	131	136	133	
			course	course	105	121	126	127	125	120	131	113	134	134	133	134	131	133	131	119	114	115	122	122	130	131	131	134	108	130	134	133	
			cradle	cradle	106	126	125	129	125	130	128	111	133	134	134	136	136	134	137	114	117	115	124	124	133	133	133	135	110	133	136	134	
			credit	credit	111	128	130	133	128	129	136	116	137	139	140	139	137	138	137	119	119	119	128	127	136	136	136	139	115	136	140	138	
			cringe	cringe	117	133	138	139	137	136	138	126	144	144	144	142	142	144	142	123	126	128	136	135	142	142	146	145	120	145	146	144	
			cruise	cruise	102	119	121	123	117	119	130	106	129	130	129	123	129	129	128	112	110	109	121	118	127	127	127	129	106	127	130	129	
			custom	custom	111	127	127	132	131	135	143	118	138	139	142	133	138	139	138	120	119	120	127	132	136	137	136	139	115	136	140	138	
			dainty	dainty	No146	No151	No152	No150	No152	No152	No148	No146	No150	No156	No154	No155	No153	No154	No154	No147	No149	No147	No151	No151	No154	No154	No154	No154	No148	No154	No156	No154	
			danger	danger	115	132	131	135	128	136	143	121	142	144	145	145	143	144	143	122	120	124	125	130	142	141	145	144	118	141	147	143	
			debris	debris	144	No151	No150	No151	No151	No150	No153	No148	No151	No155	No157	No162	No150	No155	No154	No149	No149	No149	No150	No150	No154	No154	No154	No155	147	No154	No161	No155	
			depart	depart	113	131	132	132	135	129	142	116	139	142	143	132	139	140	140	120	120	120	130	132	138	138	138	140	116	138	143	140	
			depict	depict	112	131	131	133	133	129	138	117	140	142	140	133	139	141	139	120	120	120	132	131	138	138	138	140	116	139	142	140	
			deploy	deploy	125	No148	146	148	143	144	No150	133	No150	152	154	149	152	152	151	137	134	135	146	145	151	151	150	153	110	151	155	153	
			deport	deport	123	142	141	145	146	141	151	131	149	152	149	144	148	150	149	128	136	134	143	140	148	148	148	150	128	148	152	149	
			design	design	110	129	128	129	128	125	137	113	135	137	136	132	136	137	135	118	117	117	126	129	134	134	135	137	114	134	138	136	
			detach	detach	124	144	145	146	No150	144	No150	131	No151	153	153	No149	No152	154	152	140	135	134	144	148	150	151	150	153	128	151	155	152	
			detail	detail	110	131	133	131	136	128	137	114	138	138	141	134	140	140	137	117	119	118	129	126	136	136	136	139	114	136	139	138	
			detain	detain	124	138	144	138	149	144	146	124	149	150	151	145	151	153	149	128	132	128	144	143	147	148	148	152	128	148	151	150	
			devour	devour	114	132	130	133	129	131	141	117	142	141	145	132	140	143	140	121	121	120	131	132	139	140	139	142	118	139	144	141	
			diaper	diaper	117	132	130	136	140	136	145	124	148	146	148	143	147	145	144	129	125	126	134	137	143	144	144	145	121	144	148	145	
			digest	digest	114	134	137	132	135	130	142	121	139	142	141	142	141	142	139	126	123	123	131	136	138	138	139	141	117	138	142	141	
			dilute	dilute	116	135	134	136	137	134	143	121	145	146	147	141	147	147	144	125	124	124	136	134	145	144	144	146	120	144	148	146	
			direct	direct	109	126	127	125	132	126	131	114	135	138	136	138	137	137	135	116	119	118	127	129	134	134	133	136	111	134	137	136	
			dismay	dismay	123	142	144	138	144	143	135	124	150	151	155	No147	150	151	149	133	136	130	143	148	148	149	149	151	128	149	154	151	
			domain	domain	116	136	138	141	134	139	109	98	98	146	148	88	147	146	145	126	124	124	135	134	144	144	145	146	120	145	150	146	
			dragon	dragon	113	135	132	127	134	128	134	115	138	141	142	130	140	143	139	123	123	118	134	134	138	138	139	142	117	138	143	141	
			duplex	duplex	147	No152	No149	No151	No152	No152	No152	No148	No148	No155	No156	No150	No155	No155	No153	No149	No150	No150	No152	No152	No154	No155	No155	No155	No148	No155	No157	No155	
			dynamo	dynamo	No146	No152	No152	No151	No152	No152	No149	No146	No152	No155	No155	No168	No154	No156	No151	No150	No150	No148	No152	No152	No154	No154	No154	No155	No148	No154	No159	No155	
			embryo	embryo	116	137	134	136	134	134	143	122	143	147	145	135	144	145	143	124	124	125	134	134	143	143	143	146	120	143	149	145	
			employ	employ	110	130	125	130	125	125	135	113	134	137	137	127	134	136	134	119	117	119	125	128	133	134	134	136	114	134	137	136	
			enigma	enigma	116	135	136	134	134	136	145	120	145	145	145	145	145	147	144	125	125	125	136	134	143	143	144	146	121	143	149	145	
			enough	enough	140	No150	No151	No151	No151	No150	No154	143	No151	No154	No158	No150	No151	No154	No154	147	146	147	No151	No151	No154	No154	No154	No155	143	No154	No159	No154	
			equity	equity	145	No151	No151	No150	No151	No152	No148	No147	No153	No155	No155	No172	No154	No155	No154	No149	No149	No148	No151	No152	No154	No151	No154	No155	148	No153	No159	No155	
			escort	escort	111	135	132	129	129	129	139	115	140	140	140	128	139	141	139	120	120	119	129	129	137	138	138	140	116	138	143	140	
			ethnic	ethnic	144	No151	No152	No151	No151	No152	No149	147	No154	No160	No162	No163	No154	No156	No154	No149	No149	No149	No152	No152	No153	No154	No154	No156	146	No154	No159	No155	
			exodus	exodus	144	No152	No152	No152	No149	No151	111	116	101	No155	No156	98	No156	No155	No154	No149	No149	No149	No152	No152	No154	No154	No153	No155	147	No154	No157	No155	
			exotic	exotic	131	144	144	No151	145	144	No157	122	104	No155	No158	96	No154	No155	No153	143	132	144	No151	No151	No154	No154	No154	No156	136	No153	No161	No155	
			expand	expand	112	131	128	128	128	129	104	115	91	141	144	91	138	139	137	119	119	120	128	129	137	137	137	141	116	137	141	139	
			export	export	113	134	128	128	130	127	106	114	96	139	139	132	138	138	137	119	120	119	128	128	137	137	141	140	116	137	142	139	
			fabric	fabric	115	133	133	134	133	136	111	115	102	145	146	148	144	145	145	123	123	123	133	134	143	143	143	146	119	143	147	145	
			factor	factor	105	123	126	121	119	122	116	108	96	135	134	97	133	132	132	111	112	112	122	124	128	129	130	134	108	129	134	132	
			falcon	falcon	113	131	133	132	130	134	115	115	100	141	143	97	140	141	139	126	121	121	134	132	139	139	140	141	117	139	144	141	
			family	family	140	No151	No151	No151	No151	No151	116	124	107	No157	No154	No157	No153	No157	No154	147	147	147	No149	No150	No154	No154	No154	No156	143	No154	No156	No154	
			famine	famine	116	136	134	138	139	134	109	119	111	148	146	97	146	146	147	126	125	126	135	141	145	144	148	148	120	144	148	148	
			faucet	faucet	147	No152	No152	No150	No151	No152	119	132	111	No156	No154	101	No153	No159	No154	No148	No148	No147	No151	No152	No154	No154	No154	No155	No148	No154	No156	No154	
			fetish	fetish	137	No152	No151	No150	No151	No152	No153	145	No154	No156	No155	No149	No154	No156	No153	No148	148	No148	No151	No151	No154	No154	No154	No155	142	No154	No155	No155	
			fiance	fiance	116	138	141	135	135	135	147	122	146	146	146	147	146	147	145	126	124	125	134	137	144	144	144	146	120	144	147	146	
			fiesta	fiesta	136	146	148	146	No149	No152	No156	143	No148	No156	No159	No161	No154	No155	No152	134	No148	146	148	No151	No152	No153	No154	No155	139	No153	No160	No155	
			filter	filter	114	129	139	134	131	141	143	119	143	141	142	143	140	144	142	125	121	121	131	131	140	139	139	141	117	139	144	141	
			finger	finger	113	130	128	130	128	132	145	119	139	142	143	144	140	142	142	123	119	121	129	132	135	138	141	144	116	138	143	142	
			flaunt	flaunt	126	146	No149	148	144	146	No150	133	No150	154	157	156	152	154	No153	135	135	136	146	146	153	152	152	154	131	152	155	154	
			flight	flight	107	125	124	126	122	121	124	110	134	134	134	136	132	134	132	115	116	113	121	127	132	132	132	136	111	132	136	134	
			flimsy	flimsy	146	No152	No151	No151	No150	No151	No152	No146	No152	No156	No155	No160	No154	No155	No153	No149	No149	No148	No150	No150	No152	No154	No154	No155	148	No154	No159	No154	
			flinch	flinch	125	140	145	No149	143	143	147	135	No152	152	152	No148	150	153	150	128	134	138	148	143	151	150	150	152	129	151	154	152	
			flower	flower	107	122	125	123	124	121	121	110	131	133	135	123	131	133	132	114	112	113	122	120	130	130	131	134	110	130	135	133	
			fluent	fluent	122	142	136	129	139	137	145	123	144	148	148	149	146	148	147	135	126	126	141	141	141	143	146	150	126	143	150	148	
			fondle	fondle	114	137	130	127	134	130	125	115	140	141	141	143	142	141	141	131	132	118	136	135	137	139	141	142	118	139	143	141	
			forest	forest	113	133	138	123	131	127	137	115	136	142	140	141	141	140	137	128	121	118	135	134	132	133	138	141	116	134	141	140	
			foster	foster	115	134	132	134	128	127	141	120	145	143	142	135	140	142	142	120	122	122	135	132	139	139	139	143	118	139	142	141	
			frenzy	frenzy	145	No152	No151	No151	No152	No152	No151	No147	No151	No155	No155	No158	No154	No155	No154	No149	No149	No149	No150	No151	No154	No154	No154	No155	148	No154	No157	No155	
			fresco	fresco	127	145	148	148	146	146	145	135	No152	No156	158	No147	No154	No155	No153	141	138	139	146	145	No153	154	154	No155	132	154	157	No155	
			friend	friend	108	126	135	132	128	125	138	114	139	137	141	128	135	137	136	118	117	117	126	125	134	135	138	137	113	136	139	137	
			fright	fright	124	136	141	142	136	135	152	128	151	149	149	151	147	149	148	121	128	132	141	149	149	148	147	152	128	148	150	149	
			fringe	fringe	106	124	126	126	122	122	130	112	135	134	134	135	132	134	132	116	113	115	123	122	132	132	132	138	109	132	137	134	
			frolic	frolic	135	No152	152	143	No151	No152	No153	136	No152	No155	No155	No160	No154	No155	No154	146	139	139	144	152	150	153	No154	No155	140	153	No156	No155	
			frugal	frugal	126	145	144	146	149	144	No152	132	No152	156	156	148	152	155	No151	136	136	136	144	144	150	152	152	154	131	152	157	157	
			fumble	fumble	118	129	136	137	136	133	145	121	146	144	145	140	141	144	145	119	125	124	136	137	142	142	143	145	121	142	145	144	
			garden	garden	111	132	135	129	126	130	140	115	137	138	140	133	140	138	136	118	118	118	127	130	136	136	136	139	115	136	140	138	
			garlic	garlic	145	No152	No153	No151	No151	No148	No150	No148	No150	No155	No156	No149	No152	No155	No154	No149	No149	No149	No152	No151	No154	No154	No154	No155	148	No154	No155	No154	
			genial	genial	124	135	144	141	149	146	143	131	No150	150	151	151	148	150	151	126	139	134	142	142	145	149	149	150	128	149	151	150	
			genius	genius	125	143	143	140	144	147	151	128	148	152	153	155	152	153	151	134	134	132	143	144	145	146	No153	153	129	146	155	153	
			girdle	girdle	115	135	140	128	135	131	142	116	140	143	143	132	143	146	142	130	131	119	137	136	138	140	141	143	119	141	147	143	
			glance	glance	103	123	121	127	121	121	131	109	132	132	132	128	131	136	131	112	112	112	120	120	131	131	132	135	108	131	137	133	
			goblin	goblin	No147	No154	No151	No151	No153	No151	No154	100	103	No156	No163	No163	No152	No155	No155	No149	No150	150	No151	No153	No152	No154	No155	No155	No149	No154	No159	No155	
			gospel	gospel	115	134	137	136	135	134	102	102	95	146	147	147	145	146	144	126	124	125	134	133	144	144	145	146	119	145	148	146	
			govern	govern	111	128	129	133	135	130	142	115	98	140	140	85	138	140	136	122	119	122	129	127	137	135	138	141	115	138	141	140	
			grumpy	grumpy	147	No152	No151	No151	No151	No151	No153	No147	No151	No155	No155	No148	No154	No155	No154	No149	No149	No149	No152	No152	No154	No154	No154	No155	No148	No154	No156	No155	
			guitar	guitar	116	135	135	136	134	141	134	121	146	145	148	139	144	145	146	125	125	125	136	134	144	144	143	146	120	144	147	147	
			halter	halter	124	145	148	132	140	145	112	116	98	152	152	153	150	156	149	135	137	123	No148	No148	146	148	150	153	129	148	155	151	
			hermit	hermit	118	129	136	132	135	136	143	97	88	144	147	145	143	144	142	123	127	123	134	134	137	138	142	145	122	138	145	144	
			hinder	hinder	116	131	134	129	130	134	116	116	100	142	142	95	142	145	139	121	123	120	133	135	136	138	139	143	119	139	143	142	
			hockey	hockey	127	144	148	136	148	147	No154	119	102	154	157	93	153	154	152	133	139	130	No151	148	149	151	153	156	132	151	157	154	
			hornet	hornet	130	No152	No151	142	151	No150	No153	122	104	No156	No158	101	No151	No155	154	No148	146	133	147	No152	No152	153	No154	No156	133	No153	160	No155	
			humble	humble	109	126	126	126	124	123	136	113	134	135	135	137	134	135	134	118	116	116	129	129	133	134	133	136	112	134	138	135	
			hunger	hunger	114	133	129	125	131	132	122	116	140	140	140	142	140	141	138	128	121	120	129	133	134	137	139	142	118	137	142	140	
			hungry	hungry	124	145	146	127	139	139	132	121	145	152	152	153	150	152	149	137	125	125	146	145	138	143	150	155	129	143	154	155	
			hurdle	hurdle	116	131	133	138	135	136	142	122	142	144	144	140	143	144	147	122	125	125	127	134	142	142	142	144	120	142	145	144	
			hustle	hustle	108	125	124	129	124	124	138	113	134	136	136	138	135	136	135	117	115	116	124	127	133	133	134	137	112	133	137	135	
			hybrid	hybrid	116	134	137	134	134	134	141	121	144	146	149	133	145	146	146	125	125	125	135	135	144	145	145	147	120	145	147	147	
			ignore	ignore	104	128	125	120	122	120	126	109	133	134	135	120	131	134	133	112	112	115	120	120	130	131	131	135	108	131	136	133	
			import	import	112	131	128	129	127	127	140	116	135	138	138	131	136	139	136	119	119	120	127	127	136	137	136	140	110	137	141	138	
			impose	impose	104	123	122	126	121	123	133	110	134	134	133	135	133	133	131	112	117	114	124	121	131	132	131	136	108	132	137	133	
			income	income	113	133	132	134	130	132	92	97	88	145	144	83	141	143	142	122	123	122	132	131	141	141	141	144	117	141	148	143	
			induce	induce	105	124	122	126	127	124	92	95	90	134	135	136	132	135	132	113	113	113	125	122	132	132	132	135	109	132	136	134	
			infect	infect	115	135	130	134	130	132	90	96	85	141	143	143	140	141	139	121	121	121	129	129	138	139	139	141	118	140	143	141	
			inform	inform	111	127	128	127	129	127	87	99	83	137	138	80	135	137	135	118	119	120	126	127	135	136	135	139	114	136	140	137	
			inhale	inhale	116	137	135	134	134	136	148	93	93	148	148	82	144	149	144	124	124	125	137	134	144	144	144	147	120	144	147	146	
			inject	inject	124	146	134	144	144	144	88	95	87	150	152	82	149	150	148	134	134	133	140	135	149	149	146	152	128	149	152	150	
			insect	insect	116	136	130	133	132	132	126	97	85	144	145	145	142	145	142	123	120	123	129	129	140	142	141	145	120	142	144	143	
			insert	insert	114	135	130	134	134	131	132	98	83	141	142	82	140	142	140	120	121	123	130	135	138	139	138	143	117	139	141	140	
			insult	insult	111	130	128	132	128	129	89	98	86	140	140	84	139	141	137	120	119	121	128	128	137	137	137	141	115	137	140	139	
			intake	intake	144	No151	No151	No150	No148	No151	92	100	92	No156	No157	No160	No154	No156	No154	No149	No147	No149	No151	No151	No153	No154	No154	No157	147	No154	No160	No155	
			invade	invade	102	119	119	122	120	120	131	95	89	130	130	127	127	132	127	109	109	110	117	120	127	127	127	130	106	127	132	129	
			invert	invert	124	No149	137	137	143	131	91	100	84	150	151	143	150	150	149	138	124	138	137	137	148	147	147	152	128	147	153	150	
			invest	invest	113	133	129	133	127	126	91	97	87	140	140	140	139	139	142	120	120	119	131	132	137	137	137	140	116	137	139	139	
			invoke	invoke	106	123	124	126	123	123	89	94	88	135	136	132	133	135	133	114	114	115	125	124	132	133	133	135	110	133	137	135	
			island	island	114	130	128	131	128	125	91	98	86	143	147	84	141	143	143	122	122	122	131	135	140	140	140	144	118	143	144	142	
			jargon	jargon	138	No152	No150	141	No152	No152	137	136	151	No155	No158	164	No153	No157	No155	No148	No149	140	142	No151	149	153	No155	No155	145	153	No156	No155	
			jingle	jingle	118	130	130	138	132	129	136	122	144	144	144	146	143	145	142	119	124	124	130	136	142	142	142	146	121	142	146	144	
			jockey	jockey	116	130	130	127	134	132	141	116	139	142	146	128	141	142	140	120	125	119	130	135	138	140	141	143	120	140	146	143	
			jumble	jumble	117	130	135	137	133	133	135	122	144	144	145	146	141	144	142	120	125	124	134	136	142	142	142	145	121	142	147	144	
			jungle	jungle	117	131	133	135	129	131	140	117	144	144	145	147	143	146	143	124	120	121	134	131	142	143	142	146	121	143	149	145	
			junior	junior	115	134	135	133	134	135	143	119	143	145	146	147	143	145	145	124	124	123	134	135	143	143	143	146	119	145	147	145	
			kidney	kidney	116	133	133	130	137	135	134	119	139	145	146	146	143	145	144	125	123	123	138	133	137	138	144	147	120	138	146	145	
			knight	knight	111	132	137	128	128	128	125	115	140	139	138	133	140	138	137	121	119	119	128	128	136	137	137	141	115	137	141	138	
			kosher	kosher	147	No151	No152	No152	No152	No152	No160	No148	No152	No155	No161	No150	No153	No155	No155	No148	No149	No150	No152	No152	No154	No154	No154	No155	No148	No154	No159	No155	
			lament	lament	122	145	137	130	146	137	148	118	103	151	148	149	150	148	147	133	131	128	135	137	140	144	146	150	126	144	149	148	
			launch	launch	117	135	135	137	132	132	105	113	101	143	143	92	141	143	141	125	124	124	135	136	141	141	141	145	121	141	145	143	
			limber	limber	128	142	144	135	149	142	130	126	No149	153	154	147	152	154	151	132	140	130	146	151	149	151	152	157	132	151	154	153	
			linger	linger	116	130	128	127	127	130	140	119	143	144	145	131	144	144	141	118	119	121	129	139	138	140	142	146	119	140	146	143	
			liquor	liquor	116	134	134	135	136	136	144	121	146	145	146	148	144	145	144	125	125	125	137	139	143	144	144	146	120	144	146	145	
			lizard	lizard	115	132	134	134	136	133	148	120	145	145	144	146	143	146	143	121	124	124	135	138	142	142	142	144	120	142	147	144	
			locate	locate	115	133	132	135	134	129	143	116	106	146	147	96	144	147	146	123	126	125	136	136	142	142	143	145	119	142	148	144	
			drench	drench	135	148	No154	No152	No152	No153	No159	142	No152	No155	No155	No149	No154	No155	No153	137	145	145	No152	No152	No153	No154	No154	No157	139	No152	No157	No154	
			lounge	lounge	107	128	124	126	123	123	113	113	100	134	134	95	133	134	136	120	114	116	124	125	132	132	132	135	111	132	135	134	
			lumber	lumber	123	138	140	141	138	141	150	127	150	150	151	144	148	151	149	127	131	135	141	142	148	148	149	154	127	148	153	150	
			market	market	112	128	130	123	126	126	110	112	98	139	139	140	140	140	136	125	121	117	128	131	133	135	136	139	116	135	140	139	
			marvel	marvel	116	134	136	133	134	138	147	118	98	146	147	148	147	146	144	133	124	126	141	136	138	140	145	147	120	140	149	146	
			mascot	mascot	147	No152	No150	No151	No152	No152	114	117	105	No155	No160	104	No153	No156	No155	No150	No150	No149	No151	No152	No151	No154	No155	No155	No148	No154	No160	No155	
			master	master	107	125	122	122	124	126	135	112	93	134	138	95	133	136	133	116	113	115	122	121	130	131	132	135	108	131	135	133	
			matrix	matrix	138	No152	No153	142	No152	No151	107	114	102	No155	No155	No158	No154	No155	No155	No149	No150	139	No152	No152	149	No152	No155	No155	144	153	No157	No156	
			measly	measly	No149	No154	No152	No150	No151	No152	105	105	97	No158	No159	92	No156	No156	No154	No151	No152	No150	No150	No149	No151	No154	No154	No155	No150	No154	No160	No155	
			melody	melody	146	No150	No152	No150	No151	No152	102	106	95	No155	No155	89	No154	No156	No153	No149	No148	No148	No152	No150	No154	No154	No154	No155	No148	No154	No159	No155	
			mildew	mildew	123	145	147	132	142	142	150	120	149	151	153	137	No151	150	148	137	128	123	145	145	145	147	149	153	128	149	152	154	
			mirage	mirage	116	136	136	135	140	136	144	121	146	149	150	141	148	147	146	126	125	125	136	138	145	145	145	148	120	145	150	147	
			mister	mister	128	136	137	133	136	139	131	122	150	153	156	136	152	157	151	131	125	125	148	No151	149	151	150	156	131	150	154	152	
			monkey	monkey	115	128	133	127	132	136	118	113	96	142	145	98	140	141	139	119	124	121	133	133	137	139	140	142	119	139	145	141	
			morbid	morbid	124	138	149	147	144	145	147	122	106	151	154	103	150	151	150	129	136	136	144	143	152	150	150	152	128	150	152	153	
			morgue	morgue	147	No152	No151	No150	No152	No152	113	121	109	No155	No156	105	No152	No155	No154	No147	No149	No149	No151	No149	No153	No154	No154	No155	No148	No154	No160	No157	
			morsel	morsel	118	136	138	142	139	139	113	125	99	147	148	149	147	149	145	129	127	130	140	140	145	145	145	147	121	145	148	147	
			mortal	mortal	113	129	132	134	138	138	117	117	106	141	142	100	140	141	140	122	121	121	142	129	145	139	139	141	117	139	145	141	
			mosaic	mosaic	116	134	137	137	135	137	146	116	100	146	146	97	146	147	144	125	128	125	137	139	145	145	144	147	120	145	149	146	
			mosque	mosque	116	131	131	138	140	134	109	118	105	144	145	145	150	145	142	125	126	126	137	140	144	143	142	145	120	143	146	144	
			mother	mother	112	129	127	124	126	133	109	113	95	139	143	98	141	140	137	118	120	117	126	131	134	136	137	142	116	136	140	139	
			musket	musket	115	137	136	128	135	133	144	115	104	143	143	144	144	143	141	126	126	120	137	138	139	140	141	143	119	141	145	143	
			muster	muster	123	140	142	132	133	137	152	119	99	153	157	154	No153	153	149	126	126	127	135	143	143	149	150	156	127	149	153	152	
			mutiny	mutiny	146	No151	No151	No151	No152	No151	113	127	115	No159	No155	No170	No154	No155	No154	No149	No149	No149	No152	No151	No151	No154	No154	No157	No148	No154	No156	No155	
			mystic	mystic	112	130	134	134	130	140	98	104	84	140	142	83	139	140	138	120	122	121	129	130	138	138	138	140	117	138	142	140	
			nature	nature	115	134	132	136	133	132	143	120	143	145	145	138	142	143	142	121	123	124	132	132	140	141	141	145	119	141	145	143	
			nickel	nickel	114	136	133	129	133	136	137	116	139	144	142	129	140	143	139	125	119	123	136	133	137	139	140	142	118	139	147	141	
			nimble	nimble	132	No151	138	149	No151	No151	No153	131	No149	No156	No158	No149	No151	No157	No154	144	144	135	152	148	No154	No154	No154	No156	138	No154	No156	No154	
			novice	novice	115	137	129	138	133	133	101	99	94	145	146	88	142	145	142	126	123	124	129	130	141	141	141	145	119	141	145	142	
			number	number	111	128	130	123	126	128	140	113	135	139	140	133	136	138	136	118	117	116	128	128	134	135	136	140	115	135	140	138	
			nutmeg	nutmeg	138	No152	142	142	No152	No151	No152	134	No152	No156	No157	159	No153	No155	No155	No149	No149	139	No152	No152	149	153	No155	No155	145	153	No157	No155	
			object	object	112	128	127	127	128	127	138	115	136	139	139	141	137	139	138	118	118	118	127	127	136	137	136	141	115	137	142	139	
			oblige	oblige	105	126	122	123	122	122	132	109	133	138	136	135	132	134	132	113	113	113	122	122	132	132	132	135	109	132	136	134	
			obtain	obtain	111	130	130	128	131	128	125	114	138	143	139	139	137	139	137	119	119	119	129	128	136	136	137	141	115	136	140	139	
			opaque	opaque	145	No149	No152	No152	No152	No152	No156	119	105	No155	No155	97	No154	No157	No154	No149	No149	No149	No152	No151	No154	No154	No154	No155	148	No154	No163	No155	
			oracle	oracle	116	140	137	141	135	135	97	96	91	148	149	86	145	149	146	130	125	125	135	135	145	145	145	149	121	145	149	147	
			orange	orange	115	136	133	135	134	132	99	98	92	144	144	85	142	144	143	125	123	123	133	132	142	142	142	146	119	142	149	144	
			orchid	orchid	115	137	134	135	134	135	93	97	94	146	149	84	145	148	144	124	124	128	134	134	144	144	144	148	120	144	147	146	
			orgasm	orgasm	112	133	134	137	130	130	91	99	86	141	141	134	141	141	139	121	121	122	130	130	143	139	139	141	117	140	142	141	
			orient	orient	117	141	140	139	137	138	92	101	89	148	148	82	145	146	144	128	127	127	138	135	144	144	144	147	122	144	146	146	
			orphan	orphan	112	131	129	129	129	130	89	97	92	140	142	140	142	142	139	120	120	120	129	129	138	139	139	141	116	138	144	140	
			oyster	oyster	116	140	137	134	133	139	142	122	147	146	148	148	146	148	146	128	127	125	133	133	143	144	144	147	120	144	146	146	
			parcel	parcel	116	135	137	132	133	141	111	117	98	146	149	148	146	145	144	124	123	125	136	134	137	139	144	147	119	139	146	145	
			parish	parish	126	138	139	139	141	134	117	120	106	151	151	138	152	151	149	131	134	134	139	146	146	147	150	151	129	147	154	151	
			parody	parody	139	No151	No152	144	No151	No152	No150	117	104	No156	No155	No160	No151	No155	No155	No149	140	140	No152	No152	149	153	No155	No155	145	153	No162	No155	
			pastor	pastor	120	138	146	132	138	142	152	118	101	155	154	97	No152	153	152	129	131	126	144	147	142	149	151	153	124	144	153	152	
			pastry	pastry	125	147	138	129	146	140	150	118	105	154	155	97	No151	155	149	137	137	127	140	136	146	149	150	152	129	150	153	152	
			patrol	patrol	116	134	140	130	135	135	104	115	98	143	144	146	144	144	142	127	124	121	130	137	136	138	141	145	119	138	145	143	
			patron	patron	116	137	141	130	135	138	108	115	96	145	143	144	144	143	143	121	125	121	136	134	138	138	142	143	120	138	145	145	
			pelvis	pelvis	131	No152	No151	145	No151	No152	No153	128	No150	No155	No159	No149	No153	No157	No154	145	143	134	No151	No151	No154	No154	No153	No155	137	No154	No158	No155	
			pencil	pencil	116	133	132	131	133	140	144	120	140	145	146	146	145	146	144	123	123	123	134	140	133	138	143	146	119	138	147	145	
			period	period	111	127	128	128	129	130	141	117	136	139	140	140	140	139	138	118	121	120	127	127	134	135	138	139	115	135	141	139	
			permit	permit	116	129	130	129	134	134	143	118	137	143	145	144	144	143	142	121	123	122	134	132	135	137	142	145	120	137	146	143	
			petrol	petrol	130	143	143	142	143	149	No155	135	No150	No154	No156	161	No154	No155	No152	143	143	138	141	No150	148	151	No153	No154	134	151	No160	No155	
			phobia	phobia	116	134	134	131	135	134	128	117	147	145	145	147	143	145	144	125	125	121	138	136	142	143	143	145	121	143	148	144	
			phrase	phrase	104	122	126	124	129	123	119	109	134	137	133	129	134	135	132	113	113	113	121	121	131	131	132	134	109	131	136	133	
			picket	picket	117	130	136	126	127	134	140	113	106	142	143	93	140	142	139	119	118	117	126	137	135	137	140	144	120	137	143	142	
			pirate	pirate	106	126	126	125	130	126	136	110	107	137	138	96	137	138	136	117	117	114	123	129	133	133	133	137	110	133	136	135	
			pistol	pistol	115	133	141	131	133	141	106	116	101	143	145	139	144	147	146	124	124	121	133	138	138	140	142	144	119	140	145	143	
			placid	placid	123	142	148	141	137	136	149	135	150	150	150	151	149	153	149	132	131	138	142	142	149	148	148	150	127	148	152	150	
			plague	plague	106	128	124	129	122	126	134	111	135	134	135	133	133	134	134	114	113	114	124	122	133	132	134	135	110	135	135	134	
			plaque	plaque	116	139	133	140	130	136	141	122	143	144	145	142	142	144	143	127	121	125	132	130	145	141	144	144	120	145	149	144	
			plenty	plenty	143	No150	No151	No151	No150	No151	No149	No146	No150	No156	No156	No148	No154	No157	No154	149	No148	No148	No151	No151	No154	No154	No153	No155	145	No153	No158	No156	
			plunge	plunge	101	123	119	123	120	118	122	108	130	129	129	127	127	129	130	111	109	111	119	118	127	129	128	130	105	127	133	129	
			police	police	116	135	129	129	135	130	120	115	104	142	145	99	144	142	141	124	124	119	131	133	140	140	140	142	120	140	143	142	
			policy	policy	128	150	149	140	150	145	No153	121	102	No154	158	101	No152	No154	152	140	138	130	148	148	152	152	No153	No156	133	152	158	No154	
			polite	polite	119	140	142	137	145	135	122	121	109	147	147	100	148	148	147	130	128	128	139	136	144	144	143	147	123	144	147	146	
			ponder	ponder	117	130	135	127	130	136	118	116	103	142	142	143	140	141	140	118	121	122	132	135	139	138	140	143	120	138	143	141	
			portal	portal	115	130	136	127	131	137	124	116	105	145	143	101	142	142	140	121	121	119	127	132	138	139	141	144	119	139	143	142	
			poster	poster	115	134	133	126	135	131	118	113	103	144	144	144	142	143	140	119	119	117	128	129	136	137	140	143	118	138	142	142	
			pounce	pounce	116	132	136	138	134	135	147	119	106	144	144	102	143	144	143	121	126	127	141	137	147	142	142	145	120	142	147	144	
			powder	powder	106	123	124	127	123	126	109	109	102	134	134	135	133	133	132	113	113	113	125	125	132	131	131	134	110	131	137	134	
			praise	praise	104	123	126	125	127	123	131	110	133	135	134	130	133	134	132	113	115	114	124	121	134	132	132	136	109	132	137	134	
			preach	preach	118	135	136	136	135	134	144	122	144	144	144	143	142	144	142	126	125	126	134	133	142	142	142	144	122	142	144	144	
			presto	presto	No147	No152	No151	No150	No152	No152	No151	No146	No153	No156	No162	No161	No154	No156	No150	No148	No148	No148	No149	No152	No152	No154	No154	No156	No148	No154	No159	No154	
			prince	prince	111	128	129	134	128	128	133	116	139	138	138	139	136	138	137	118	121	119	127	128	135	136	136	138	114	136	142	138	
			psyche	psyche	117	140	134	131	136	136	138	119	144	145	147	134	143	145	143	125	125	123	135	134	142	143	143	145	121	143	146	145	
			public	public	120	135	135	136	135	135	144	125	143	145	145	147	143	145	143	127	127	128	135	135	142	142	143	145	123	142	146	145	
			quaint	quaint	126	145	145	141	144	144	154	129	150	153	155	149	152	153	151	135	135	133	148	144	146	148	151	154	130	148	156	153	
			queasy	queasy	146	No149	No152	No151	No152	No152	No150	No148	No151	No155	No156	No171	No154	No157	No154	No149	No149	No150	No152	No152	No153	No154	No154	No156	No148	No154	No157	No155	
			quench	quench	No150	No150	No152	No153	No153	No153	No152	No150	No148	No154	No154	No149	No154	No154	No154	No149	No152	No152	No153	No152	No152	No153	No154	No154	No151	No153	No154	No156	
			quiver	quiver	126	146	139	145	144	143	No149	134	No150	153	154	155	150	152	150	135	134	138	143	141	No151	151	150	152	130	No151	155	152	
			rabies	rabies	128	145	145	No150	151	146	No149	137	No152	157	No154	No152	No152	158	154	131	134	141	No149	No151	No153	No154	154	No155	133	No153	No156	No154	
			racket	racket	117	134	129	126	129	131	136	115	138	145	144	129	143	146	140	118	126	118	129	137	137	139	141	146	120	139	145	143	
			radius	radius	132	No152	No150	148	No150	145	No150	142	No150	No160	No155	No160	No153	No155	No154	146	144	146	No151	No151	No153	No154	No154	No155	137	No154	No162	No155	
			ramble	ramble	104	127	119	124	119	119	122	109	130	130	131	132	133	130	129	112	113	113	124	125	130	130	129	134	107	131	131	130	
			random	random	122	140	141	126	137	139	148	121	145	147	148	142	146	149	145	135	131	124	141	140	139	142	146	149	126	142	149	147	
			ransom	ransom	127	151	141	140	149	149	140	131	151	154	156	152	153	154	152	139	134	134	144	140	145	147	151	158	133	147	155	154	
			reason	reason	111	134	130	129	127	131	110	114	98	139	141	99	136	138	136	122	118	118	133	128	137	136	136	142	115	136	140	138	
			reckon	reckon	112	128	128	131	129	138	99	114	98	140	140	140	138	140	138	124	124	119	128	131	137	138	138	141	116	138	143	141	
			rectum	rectum	146	No152	No151	No151	No151	No152	115	119	101	No155	No156	99	No153	No162	No154	No149	No149	No149	No152	No152	No154	No154	No154	No156	No148	No154	No160	No155	
			region	region	110	126	131	132	134	129	102	112	98	138	141	93	137	139	136	118	118	118	132	134	137	137	136	140	109	136	139	139	
			relish	relish	119	138	138	146	143	139	111	120	104	147	146	96	145	147	145	132	128	130	141	139	146	145	145	148	124	145	147	147	
			resign	resign	113	131	129	136	138	129	107	116	97	140	140	140	139	141	139	120	123	121	131	133	138	138	138	140	116	138	140	139	
			result	result	110	127	128	129	128	126	109	113	105	140	139	95	137	139	137	118	118	118	127	128	136	136	136	138	114	136	141	138	
			retina	retina	117	137	140	135	143	138	104	118	99	148	149	139	146	148	149	131	127	128	138	138	139	142	145	147	122	142	150	147	
			revolt	revolt	113	129	131	131	136	129	101	118	104	140	140	142	140	140	139	120	123	124	134	132	137	138	138	141	117	138	141	140	
			robust	robust	127	147	144	141	147	143	152	129	150	154	153	146	No151	153	151	135	135	133	143	147	146	147	151	153	131	147	155	153	
			rocket	rocket	115	130	130	126	129	132	140	115	140	142	143	142	143	141	139	118	121	118	132	133	135	138	140	143	118	137	145	141	
			rodent	rodent	114	141	137	125	139	130	141	116	137	144	144	142	141	142	139	130	125	119	129	136	134	136	140	143	118	136	143	142	
			rustic	rustic	115	137	130	128	134	133	136	118	139	143	144	130	142	143	140	127	129	121	130	134	137	139	140	144	119	139	143	142	
			scream	scream	112	129	128	135	128	130	133	118	138	139	140	133	137	139	137	119	120	121	128	127	138	138	137	139	116	138	142	139	
			scribe	scribe	106	124	125	127	132	127	127	113	134	135	135	137	135	135	133	114	115	116	129	123	133	133	134	138	110	133	138	135	
			search	search	119	134	135	137	138	145	148	125	148	No154	No154	No155	No154	No156	154	135	127	128	140	136	143	144	154	No154	123	150	No157	No154	
			seldom	seldom	143	No152	No151	No151	No151	No149	No150	No148	No150	No155	No159	No147	No153	No155	No153	No147	No147	No149	No151	No151	No153	No154	No152	No154	146	No154	No156	No155	
			senior	senior	116	133	134	136	135	140	134	120	143	144	146	146	143	144	144	125	124	123	134	131	142	142	142	144	119	142	145	144	
			septic	septic	135	150	No151	No151	No151	No151	No159	147	No152	No155	No160	No150	No153	No155	No154	136	148	149	No151	No152	No155	No155	No155	No159	140	No155	No156	No155	
			sermon	sermon	115	133	135	136	136	139	146	121	146	146	147	141	145	146	145	132	125	124	140	137	144	144	144	146	119	144	149	147	
			shield	shield	112	129	136	135	131	132	145	118	141	140	141	140	138	140	139	122	121	121	136	132	142	138	138	140	116	140	144	140	
			shiver	shiver	107	125	126	124	133	123	134	113	140	134	136	137	132	134	132	114	116	116	128	129	132	132	133	134	110	131	135	134	
			shower	shower	113	129	130	126	135	128	138	114	142	140	142	129	138	139	138	121	122	117	133	138	134	136	138	142	117	135	142	139	
			shrine	shrine	116	135	134	135	135	137	133	118	143	145	145	137	144	144	143	129	129	121	139	135	142	142	142	144	120	137	145	144	
			shrink	shrink	118	134	129	131	137	130	129	118	145	146	148	137	143	145	143	124	130	122	130	128	142	143	145	145	120	143	147	145	
			shroud	shroud	111	130	133	131	130	131	130	116	140	140	141	142	138	140	138	120	120	121	130	129	137	137	138	140	116	137	142	140	
			sickle	sickle	116	131	138	126	134	129	143	113	106	142	143	143	142	142	140	120	125	119	139	138	134	137	140	144	119	137	143	142	
			silent	silent	124	149	148	145	146	143	No150	121	111	153	156	154	No151	153	No152	137	140	134	143	143	No151	151	151	153	128	152	154	153	
			silver	silver	112	129	131	130	132	131	107	118	104	140	143	99	139	140	139	123	121	122	131	136	138	138	138	140	116	138	143	140	
			simple	simple	112	132	132	128	127	127	106	112	107	139	140	96	138	139	138	121	119	118	129	131	136	137	137	140	116	137	141	139	
			single	single	103	120	122	122	121	119	131	110	104	129	130	132	129	131	129	113	109	113	119	121	129	129	127	131	105	129	132	129	
			sketch	sketch	111	128	130	128	133	128	126	114	140	138	138	136	136	139	137	118	119	118	137	127	136	136	137	139	115	136	140	138	
			sleazy	sleazy	147	No152	No151	No152	No152	No151	No150	No149	No152	No155	No155	No148	No155	No155	No154	No148	No150	No150	No151	No152	No154	No153	No154	No155	No148	No155	No163	No155	
			sleigh	sleigh	116	135	136	137	135	136	148	122	148	147	147	143	146	147	146	125	127	125	139	137	147	145	145	147	121	145	150	147	
			slight	slight	113	129	127	128	127	129	127	115	139	139	140	141	137	139	137	120	119	119	127	127	137	139	137	141	117	137	140	139	
			sliver	sliver	117	131	137	136	136	130	144	127	144	145	146	145	143	144	142	128	121	129	136	136	143	143	142	146	120	143	144	144	
			slogan	slogan	114	133	130	125	135	130	140	115	139	142	142	131	140	142	141	123	123	118	133	134	140	139	140	142	118	139	143	142	
			slouch	slouch	124	145	140	143	138	144	149	131	No151	152	152	152	150	152	150	136	129	134	140	145	No151	152	No152	152	129	150	154	152	
			sludge	sludge	132	148	No149	No151	147	146	No157	143	No151	No154	No156	No147	No154	No154	No153	143	No147	146	141	146	No154	No154	No154	No154	136	No154	No157	No154	
			smudge	smudge	107	124	131	124	124	124	122	111	136	135	137	137	134	135	135	114	114	115	123	125	133	134	134	136	111	134	138	135	
			snatch	snatch	116	134	137	136	133	135	142	121	145	143	143	141	142	143	142	124	126	125	134	135	141	141	141	144	121	141	144	143	
			social	social	123	141	141	140	142	143	106	106	95	149	150	87	No152	149	149	131	134	132	140	143	146	147	148	149	128	148	155	149	
			socket	socket	117	129	132	127	130	134	93	103	92	142	143	143	144	143	141	121	124	119	135	136	137	140	142	143	120	140	145	143	
			solemn	solemn	120	139	135	128	144	137	147	103	90	146	146	145	146	146	146	133	130	126	140	140	139	142	145	147	124	142	151	146	
			source	source	112	130	135	124	130	128	140	104	89	140	140	141	139	140	140	126	122	117	137	134	134	136	138	140	116	136	141	140	
			sphinx	sphinx	147	No152	No152	No152	No152	No152	No151	No148	No152	No155	No155	No150	No155	No155	No154	No150	No149	No147	No152	No152	No154	No154	No153	No155	No148	No152	No159	No155	
			spider	spider	106	129	124	127	128	127	132	116	135	135	135	136	134	135	134	113	115	118	128	124	133	133	133	135	109	133	136	134	
			splint	splint	114	132	133	135	137	132	140	121	142	142	143	137	141	141	140	121	121	124	132	136	139	140	139	143	111	140	143	141	
			sponge	sponge	106	125	123	129	126	125	135	112	134	135	135	131	135	135	134	114	114	115	123	124	133	133	134	136	110	133	136	135	
			sprawl	sprawl	113	129	132	135	130	134	133	121	140	143	141	137	139	141	139	120	120	123	129	130	139	139	139	141	117	139	142	141	
			spring	spring	107	126	125	127	121	124	130	110	135	134	134	126	132	134	132	113	114	113	123	123	134	132	133	135	110	135	135	134	
			sprint	sprint	115	132	137	135	131	136	141	118	141	141	142	135	140	140	140	121	123	121	136	130	138	138	139	142	118	138	143	141	
			sprout	sprout	112	130	129	133	132	132	142	117	139	141	144	135	140	140	139	120	120	121	131	129	138	139	139	141	116	139	142	140	
			spruce	spruce	146	No152	No151	No151	No152	No150	No149	No148	No152	No157	No156	No160	No156	No155	No150	No150	No149	No149	No151	No152	No151	No154	No154	No155	No148	No154	No158	No155	
			square	square	101	117	119	122	117	117	131	106	130	129	133	120	127	128	127	108	110	110	124	118	126	127	127	129	105	127	130	128	
			squeak	squeak	107	122	125	123	122	127	132	112	134	134	135	126	132	134	132	114	114	115	122	122	132	132	135	134	110	132	136	134	
			squeal	squeal	112	128	130	129	131	132	127	118	139	139	140	132	137	139	138	119	120	121	128	131	137	138	137	139	116	137	140	139	
			squint	squint	107	124	124	129	124	124	136	112	136	134	136	128	132	134	133	114	115	115	123	123	132	133	137	135	111	133	135	134	
			squire	squire	116	134	129	132	128	135	145	118	145	144	146	132	142	143	143	123	123	120	134	129	141	142	142	145	119	139	144	143	
			squirm	squirm	124	143	143	138	143	144	150	123	149	151	152	151	148	151	149	134	134	126	143	143	148	148	151	151	129	148	153	151	
			squirt	squirt	115	130	132	134	130	130	132	118	144	142	143	133	140	142	142	121	122	120	130	130	140	140	143	142	119	140	144	142	
			stable	stable	107	127	130	125	122	129	123	111	134	134	137	127	134	135	134	114	114	114	125	123	131	133	133	136	110	132	136	134	
			stance	stance	116	136	136	140	133	140	147	124	144	145	145	145	143	145	144	125	128	127	136	137	146	143	143	145	120	143	145	144	
			staple	staple	107	126	128	130	126	131	129	113	135	135	136	133	134	135	135	114	115	116	129	124	135	133	133	135	111	133	137	135	
			starch	starch	114	134	134	127	127	134	141	118	139	139	139	139	137	139	138	120	123	120	130	129	135	137	137	139	118	138	140	139	
			starve	starve	113	135	131	126	133	130	142	116	139	140	141	129	139	140	139	122	122	119	133	137	136	137	141	141	117	137	144	140	
			stench	stench	145	No149	No151	No151	No150	No148	No155	No148	No154	No156	No155	No157	No154	No155	No151	No149	No149	No149	No151	No151	No152	No154	No154	No155	148	No152	No161	No155	
			stigma	stigma	127	146	No151	148	146	146	No152	133	No152	No155	No155	No148	No152	No155	No154	136	136	136	149	146	No153	154	No154	No155	132	154	No156	No155	
			strain	strain	111	128	131	135	127	134	134	118	138	141	139	138	136	138	136	118	118	123	128	127	136	137	140	138	115	136	141	138	
			strand	strand	112	131	131	137	131	130	139	121	141	143	145	135	138	140	139	119	120	127	131	131	139	137	138	140	116	139	140	139	
			streak	streak	107	125	124	126	126	127	131	113	134	134	134	135	133	134	133	114	117	115	127	122	132	132	132	134	111	132	137	134	
			stream	stream	113	129	128	131	130	131	136	117	139	141	140	132	137	139	137	119	119	120	130	127	137	138	137	139	117	137	140	139	
			strife	strife	123	145	147	136	150	134	148	132	148	149	149	137	149	150	147	134	134	136	No149	145	145	146	146	150	128	145	150	149	
			strike	strike	107	122	121	129	125	125	125	111	134	133	133	127	132	133	132	112	114	114	124	125	131	132	132	134	110	132	134	133	
			string	string	108	126	126	127	128	122	132	113	134	134	136	126	132	134	132	114	115	115	122	122	132	132	133	135	111	131	136	134	
			strive	strive	109	129	127	127	126	126	133	114	136	136	136	136	135	135	135	115	118	116	127	125	134	134	134	137	112	134	137	135	
			stroke	stroke	106	122	121	125	122	122	122	110	134	134	135	130	133	134	133	112	112	117	124	125	131	132	132	134	109	132	136	134	
			strong	strong	118	137	139	135	136	133	142	121	144	144	146	135	142	144	144	125	125	124	132	133	141	142	142	145	118	143	145	145	
			studio	studio	114	129	129	126	131	127	137	117	137	139	141	128	139	139	138	120	119	120	129	129	136	137	138	140	117	137	143	140	
			stupid	stupid	125	142	147	145	145	144	No151	131	No150	152	156	No148	150	152	151	133	133	134	142	144	151	150	150	152	129	150	157	157	
			sturdy	sturdy	145	No152	No152	No150	No151	No151	No151	No147	No151	No155	No155	No158	No154	No155	No154	No149	No148	No149	No152	No150	No154	No153	No154	No156	148	No154	No160	No155	
			subtle	subtle	112	129	130	131	130	129	139	118	139	139	140	141	141	139	138	119	121	121	129	130	137	138	137	139	116	138	139	139	
			survey	survey	111	126	137	130	127	132	139	119	142	140	139	137	137	138	136	119	122	122	128	128	136	136	136	138	115	136	139	138	
			switch	switch	119	135	134	139	131	135	144	122	147	145	145	143	144	145	145	125	127	125	138	134	144	143	143	146	123	143	147	147	
			swivel	swivel	116	136	137	139	134	134	144	123	146	145	146	147	143	146	144	124	124	126	142	134	143	144	143	145	120	143	147	145	
			symbol	symbol	111	127	127	128	127	130	122	114	138	138	140	129	136	139	140	118	118	118	128	127	136	137	136	139	115	137	140	138	
			syntax	syntax	146	No152	No152	No151	No152	No153	No153	No148	No153	No155	No158	No149	No154	No156	No153	No149	No149	No149	No152	No152	No154	No154	No154	No155	No148	No154	No161	No156	
			tailor	tailor	113	129	133	127	129	134	138	112	95	140	141	90	142	140	138	124	120	119	131	130	135	137	138	140	117	137	141	140	
			theory	theory	128	150	136	136	148	147	133	128	142	No154	No155	150	No153	No154	No153	145	130	131	No152	146	141	144	154	No154	134	144	No156	No154	
			thread	thread	113	133	135	135	134	135	133	118	141	140	142	136	137	139	138	120	124	121	135	133	139	139	138	140	117	137	142	139	
			thrive	thrive	106	128	124	128	124	123	135	111	135	136	135	131	134	135	133	114	115	114	124	124	133	133	133	136	110	133	137	135	
			throne	throne	116	137	138	138	138	134	142	120	144	146	148	139	143	144	145	124	124	122	139	135	142	142	142	144	120	142	147	144	
			tongue	tongue	115	132	130	132	137	135	144	96	89	145	146	146	147	146	143	123	123	124	130	133	136	138	143	147	118	138	146	145	
			trance	trance	117	137	143	141	136	137	140	124	147	145	145	146	147	146	144	123	126	127	135	141	145	147	146	147	121	143	147	145	
			travel	travel	113	129	129	134	131	135	141	121	140	142	141	138	142	140	139	121	123	124	129	132	141	138	138	141	117	138	143	140	
			trench	trench	124	141	149	148	142	146	No150	135	152	150	150	149	148	150	No151	134	133	136	146	146	150	149	153	152	128	149	152	151	
			trifle	trifle	116	139	133	138	134	134	143	124	144	145	145	146	144	144	144	125	124	127	135	131	142	143	142	144	120	142	145	147	
			triple	triple	114	132	133	126	128	128	134	117	139	141	141	142	138	140	138	121	124	120	132	132	136	138	139	144	117	138	141	140	
			trophy	trophy	146	No152	No151	No151	No151	No153	No150	No148	No150	No155	No155	No159	No154	No155	No154	No149	No149	No149	No151	No150	No153	No154	No154	No159	No148	No154	No163	No155	
			tropic	tropic	110	131	132	131	128	128	138	116	140	139	140	139	137	140	139	119	119	119	129	133	141	137	137	140	115	137	140	139	
			tumble	tumble	104	123	118	121	119	119	127	106	129	130	130	132	131	130	129	116	113	109	123	120	127	128	128	133	107	128	131	130	
			tundra	tundra	147	No152	No152	No151	No150	No152	No157	No148	No149	No155	No159	No162	No152	No155	No153	No150	No150	No150	No152	No152	No153	No155	No155	No155	No148	No155	No156	No155	
			turkey	turkey	115	133	138	137	136	135	144	123	149	146	149	143	146	146	145	126	124	126	136	135	144	144	144	147	119	144	148	146	
			turnip	turnip	113	131	132	126	129	128	132	116	139	140	142	127	141	140	138	122	121	119	131	132	135	137	138	141	116	137	144	140	
			tuxedo	tuxedo	No147	No152	No152	No151	No152	No152	No153	No147	No152	No155	No155	No158	No154	No155	No154	No150	No150	No148	No152	No152	No153	No154	No154	No155	No148	No154	No154	No155	
			utopia	utopia	105	124	123	125	123	123	134	110	131	134	134	132	133	135	133	120	114	114	123	123	132	133	133	135	110	133	136	134	
			vanish	vanish	119	136	135	137	139	135	140	124	144	146	145	134	144	145	144	125	127	127	139	135	142	142	143	146	123	143	146	145	
			vector	vector	117	131	130	135	134	134	146	120	144	144	146	135	142	144	143	118	124	124	133	134	142	142	142	145	120	142	146	144	
			verify	verify	147	No151	No152	No151	No152	No151	No150	No147	No149	No159	No155	174	No152	No155	No154	No150	No150	No149	No152	No152	No151	No154	No152	No154	No148	No154	No156	No155	
			victor	victor	105	124	123	126	121	124	123	109	132	134	136	128	132	134	133	113	113	113	127	122	132	132	132	134	109	132	137	134	
			violet	violet	116	133	134	135	134	135	133	122	148	145	149	135	144	145	143	126	123	125	133	133	143	143	143	146	119	143	148	145	
			volume	volume	114	132	133	133	132	132	142	120	144	145	145	146	147	145	143	123	122	124	131	132	137	139	143	145	118	139	147	145	
			vortex	vortex	133	145	No152	No151	No152	No152	No148	144	No153	No157	No155	No149	No153	No155	No155	145	144	147	No152	No150	No154	No155	No155	No155	138	No155	No156	No155	
			voyage	voyage	105	122	122	122	122	122	133	109	133	134	137	127	133	133	134	113	113	113	123	122	132	131	131	134	109	131	135	133	
			vulgar	vulgar	126	144	144	144	144	148	150	131	153	153	154	154	151	153	152	136	135	136	144	146	151	No153	151	154	131	151	159	154	
			walnut	walnut	116	134	137	137	134	134	145	122	146	146	149	145	148	146	144	124	124	125	140	145	145	144	144	147	120	144	149	146	
			wander	wander	113	129	130	126	128	132	133	118	139	139	140	141	138	141	138	128	129	120	130	130	135	135	137	141	117	135	140	139	
			wealth	wealth	114	128	133	126	134	132	104	105	94	141	141	86	139	142	139	118	122	119	131	131	137	139	140	143	117	139	143	141	
			weapon	weapon	110	127	128	129	128	130	141	100	91	140	140	139	137	139	137	125	119	119	128	127	137	137	137	139	115	137	142	139	
			wicked	wicked	126	132	147	131	146	145	143	118	149	153	152	131	150	152	152	124	144	123	149	146	148	150	152	155	129	150	157	156	
			wicker	wicker	124	137	143	131	146	143	128	117	148	152	153	154	150	152	147	124	142	120	141	150	144	147	150	154	129	147	155	152	
			winter	winter	115	133	128	131	129	141	145	120	141	142	144	144	140	146	141	123	120	123	132	134	136	138	140	144	119	138	143	142	
			wonder	wonder	111	136	128	128	127	132	141	115	100	139	140	140	141	138	137	119	120	120	128	127	134	135	136	139	114	135	140	138	
			wreath	wreath	114	131	135	135	130	130	139	125	143	140	141	138	139	141	140	122	122	126	135	132	143	139	139	141	118	140	143	141	
			wrench	wrench	120	135	137	134	134	137	140	123	145	146	146	145	144	146	145	128	129	127	135	137	142	143	145	146	124	143	147	146	
			wretch	wretch	119	139	140	140	143	136	139	123	147	147	146	144	144	146	148	128	127	127	135	139	145	144	147	148	124	144	149	146	
			wright	wright	126	137	142	No150	146	143	No149	134	No151	152	152	No148	149	152	151	121	136	138	147	146	153	151	151	154	130	151	No155	152	
			zodiac	zodiac	147	No152	No152	No152	No152	No151	No152	No149	No152	No155	No155	No158	No154	No155	No155	No149	No150	No150	No152	No150	No154	No155	No155	No155	No148	No155	No158	No155	
			zombie	zombie	117	135	135	139	136	139	138	123	147	147	147	140	148	147	146	128	126	126	135	135	145	146	146	148	121	146	149	147	
